instanciasSudoku 1
El tiempo de zChaff fue de: 0.0004

9 845632179732918654196745328683574912457291836219863547361429785574186293928357461
8 4 5 6 3 2 1 7 9 
7 3 2 9 1 8 6 5 4 
1 9 6 7 4 5 3 2 8 
6 8 3 5 7 4 9 1 2 
4 5 7 2 9 1 8 3 6 
2 1 9 8 6 3 5 4 7 
3 6 1 4 2 9 7 8 5 
5 7 4 1 8 6 2 9 3 
9 2 8 3 5 7 4 6 1 


El tiempo de nuestro algoritmo fue
38.51906943321228

9 845632179732918654196745328683574912457291836219863547361429785574186293928357461
8 4 5 6 3 2 1 7 9 
7 3 2 9 1 8 6 5 4 
1 9 6 7 4 5 3 2 8 
6 8 3 5 7 4 9 1 2 
4 5 7 2 9 1 8 3 6 
2 1 9 8 6 3 5 4 7 
3 6 1 4 2 9 7 8 5 
5 7 4 1 8 6 2 9 3 
9 2 8 3 5 7 4 6 1 


instanciasSudoku 2
El tiempo de zChaff fue de: 0.00047

9 832456791957182463416973258679541832523768149184329576761834925295617384348295617
8 3 2 4 5 6 7 9 1 
9 5 7 1 8 2 4 6 3 
4 1 6 9 7 3 2 5 8 
6 7 9 5 4 1 8 3 2 
5 2 3 7 6 8 1 4 9 
1 8 4 3 2 9 5 7 6 
7 6 1 8 3 4 9 2 5 
2 9 5 6 1 7 3 8 4 
3 4 8 2 9 5 6 1 7 


El tiempo de nuestro algoritmo fue
40.13758683204651

9 832456791957182463416973258679541832523768149184329576761834925295617384348295617
8 3 2 4 5 6 7 9 1 
9 5 7 1 8 2 4 6 3 
4 1 6 9 7 3 2 5 8 
6 7 9 5 4 1 8 3 2 
5 2 3 7 6 8 1 4 9 
1 8 4 3 2 9 5 7 6 
7 6 1 8 3 4 9 2 5 
2 9 5 6 1 7 3 8 4 
3 4 8 2 9 5 6 1 7 


instanciasSudoku 3
El tiempo de zChaff fue de: 0.000535

9 495618237726349581318725469572894316643571892189263745837956124264187953951432678
4 9 5 6 1 8 2 3 7 
7 2 6 3 4 9 5 8 1 
3 1 8 7 2 5 4 6 9 
5 7 2 8 9 4 3 1 6 
6 4 3 5 7 1 8 9 2 
1 8 9 2 6 3 7 4 5 
8 3 7 9 5 6 1 2 4 
2 6 4 1 8 7 9 5 3 
9 5 1 4 3 2 6 7 8 


El tiempo de nuestro algoritmo fue
45.785577058792114

9 495618237726349581318725469572894316643571892189263745837956124264187953951432678
4 9 5 6 1 8 2 3 7 
7 2 6 3 4 9 5 8 1 
3 1 8 7 2 5 4 6 9 
5 7 2 8 9 4 3 1 6 
6 4 3 5 7 1 8 9 2 
1 8 9 2 6 3 7 4 5 
8 3 7 9 5 6 1 2 4 
2 6 4 1 8 7 9 5 3 
9 5 1 4 3 2 6 7 8 


instanciasSudoku 4
El tiempo de zChaff fue de: 0.000644

9 256831749837649512194725386641587923725193864389462175978254631562318497413976258
2 5 6 8 3 1 7 4 9 
8 3 7 6 4 9 5 1 2 
1 9 4 7 2 5 3 8 6 
6 4 1 5 8 7 9 2 3 
7 2 5 1 9 3 8 6 4 
3 8 9 4 6 2 1 7 5 
9 7 8 2 5 4 6 3 1 
5 6 2 3 1 8 4 9 7 
4 1 3 9 7 6 2 5 8 


El tiempo de nuestro algoritmo fue
Error en prop unitaria validaciones
18.70040011405945
Es insatisfacible

instanciasSudoku 5
El tiempo de zChaff fue de: 0.000439

9 325867194681495327794321568539614872268739451417582639153978246942156783876243915
3 2 5 8 6 7 1 9 4 
6 8 1 4 9 5 3 2 7 
7 9 4 3 2 1 5 6 8 
5 3 9 6 1 4 8 7 2 
2 6 8 7 3 9 4 5 1 
4 1 7 5 8 2 6 3 9 
1 5 3 9 7 8 2 4 6 
9 4 2 1 5 6 7 8 3 
8 7 6 2 4 3 9 1 5 


El tiempo de nuestro algoritmo fue
44.06482768058777

9 325867194681495327794321568539614872268739451417582639153978246942156783876243915
3 2 5 8 6 7 1 9 4 
6 8 1 4 9 5 3 2 7 
7 9 4 3 2 1 5 6 8 
5 3 9 6 1 4 8 7 2 
2 6 8 7 3 9 4 5 1 
4 1 7 5 8 2 6 3 9 
1 5 3 9 7 8 2 4 6 
9 4 2 1 5 6 7 8 3 
8 7 6 2 4 3 9 1 5 


instanciasSudoku 6
El tiempo de zChaff fue de: 0.000423

9 361725948987413256254869137876934512523186794419257683645371829738592461192648375
3 6 1 7 2 5 9 4 8 
9 8 7 4 1 3 2 5 6 
2 5 4 8 6 9 1 3 7 
8 7 6 9 3 4 5 1 2 
5 2 3 1 8 6 7 9 4 
4 1 9 2 5 7 6 8 3 
6 4 5 3 7 1 8 2 9 
7 3 8 5 9 2 4 6 1 
1 9 2 6 4 8 3 7 5 


El tiempo de nuestro algoritmo fue
35.31375741958618

9 361725948987413256254869137876934512523186794419257683645371829738592461192648375
3 6 1 7 2 5 9 4 8 
9 8 7 4 1 3 2 5 6 
2 5 4 8 6 9 1 3 7 
8 7 6 9 3 4 5 1 2 
5 2 3 1 8 6 7 9 4 
4 1 9 2 5 7 6 8 3 
6 4 5 3 7 1 8 2 9 
7 3 8 5 9 2 4 6 1 
1 9 2 6 4 8 3 7 5 


instanciasSudoku 7
El tiempo de zChaff fue de: 0.000482

9 857261394312495786964378215195734628728956143643182579581647932479523861236819457
8 5 7 2 6 1 3 9 4 
3 1 2 4 9 5 7 8 6 
9 6 4 3 7 8 2 1 5 
1 9 5 7 3 4 6 2 8 
7 2 8 9 5 6 1 4 3 
6 4 3 1 8 2 5 7 9 
5 8 1 6 4 7 9 3 2 
4 7 9 5 2 3 8 6 1 
2 3 6 8 1 9 4 5 7 


El tiempo de nuestro algoritmo fue
Error en prop unitaria validaciones
25.14831233024597
Es insatisfacible

instanciasSudoku 8
El tiempo de zChaff fue de: 0.001961

9 361725948987413256254869137876934512523186794419257683645371829738592461192648375
3 6 1 7 2 5 9 4 8 
9 8 7 4 1 3 2 5 6 
2 5 4 8 6 9 1 3 7 
8 7 6 9 3 4 5 1 2 
5 2 3 1 8 6 7 9 4 
4 1 9 2 5 7 6 8 3 
6 4 5 3 7 1 8 2 9 
7 3 8 5 9 2 4 6 1 
1 9 2 6 4 8 3 7 5 


El tiempo de nuestro algoritmo fue
Error en prop unitaria validaciones
19.875224351882935
Es insatisfacible

instanciasSudoku 9
El tiempo de zChaff fue de: 0.000443

9 893275146657941328142638597971584632468329751325167984536412879714893265289756413
8 9 3 2 7 5 1 4 6 
6 5 7 9 4 1 3 2 8 
1 4 2 6 3 8 5 9 7 
9 7 1 5 8 4 6 3 2 
4 6 8 3 2 9 7 5 1 
3 2 5 1 6 7 9 8 4 
5 3 6 4 1 2 8 7 9 
7 1 4 8 9 3 2 6 5 
2 8 9 7 5 6 4 1 3 


El tiempo de nuestro algoritmo fue
Error en prop unitaria validaciones
19.778802394866943
Es insatisfacible

instanciasSudoku 10
El tiempo de zChaff fue de: 0.000716

9 172854396468193275539726481914672853657389124823415769385261947246937518791548632
1 7 2 8 5 4 3 9 6 
4 6 8 1 9 3 2 7 5 
5 3 9 7 2 6 4 8 1 
9 1 4 6 7 2 8 5 3 
6 5 7 3 8 9 1 2 4 
8 2 3 4 1 5 7 6 9 
3 8 5 2 6 1 9 4 7 
2 4 6 9 3 7 5 1 8 
7 9 1 5 4 8 6 3 2 


El tiempo de nuestro algoritmo fue
Error en prop unitaria validaciones
14.606333255767822
Es insatisfacible

instanciasSudoku 11
El tiempo de zChaff fue de: 0.000432

9 857392416214856379936147285568429137492731658173685942321568794645973821789214563
8 5 7 3 9 2 4 1 6 
2 1 4 8 5 6 3 7 9 
9 3 6 1 4 7 2 8 5 
5 6 8 4 2 9 1 3 7 
4 9 2 7 3 1 6 5 8 
1 7 3 6 8 5 9 4 2 
3 2 1 5 6 8 7 9 4 
6 4 5 9 7 3 8 2 1 
7 8 9 2 1 4 5 6 3 


El tiempo de nuestro algoritmo fue
Error en prop unitaria validaciones
14.582997798919678
Es insatisfacible

instanciasSudoku 12
El tiempo de zChaff fue de: 0.00048

9 359481762764923851128567349215678493473259186896134275942716538681345927537892614
3 5 9 4 8 1 7 6 2 
7 6 4 9 2 3 8 5 1 
1 2 8 5 6 7 3 4 9 
2 1 5 6 7 8 4 9 3 
4 7 3 2 5 9 1 8 6 
8 9 6 1 3 4 2 7 5 
9 4 2 7 1 6 5 3 8 
6 8 1 3 4 5 9 2 7 
5 3 7 8 9 2 6 1 4 


El tiempo de nuestro algoritmo fue
Error en prop unitaria validaciones
22.57311487197876
Es insatisfacible

instanciasSudoku 13
El tiempo de zChaff fue de: 0.001217

9 125649378834715296697382415746953182359821764281476953573298641468137529912564837
1 2 5 6 4 9 3 7 8 
8 3 4 7 1 5 2 9 6 
6 9 7 3 8 2 4 1 5 
7 4 6 9 5 3 1 8 2 
3 5 9 8 2 1 7 6 4 
2 8 1 4 7 6 9 5 3 
5 7 3 2 9 8 6 4 1 
4 6 8 1 3 7 5 2 9 
9 1 2 5 6 4 8 3 7 


El tiempo de nuestro algoritmo fue
Error en prop unitaria validaciones
22.87760829925537
Es insatisfacible

instanciasSudoku 14
El tiempo de zChaff fue de: 0.001542

9 841365792736294815529187634285671349697432158413859267172543986358926471964718523
8 4 1 3 6 5 7 9 2 
7 3 6 2 9 4 8 1 5 
5 2 9 1 8 7 6 3 4 
2 8 5 6 7 1 3 4 9 
6 9 7 4 3 2 1 5 8 
4 1 3 8 5 9 2 6 7 
1 7 2 5 4 3 9 8 6 
3 5 8 9 2 6 4 7 1 
9 6 4 7 1 8 5 2 3 


El tiempo de nuestro algoritmo fue
Error en prop unitaria validaciones
16.333511352539062
Es insatisfacible

instanciasSudoku 15
El tiempo de zChaff fue de: 0.000594

9 361725948987413256254869137876934512523186794419257683645371829738592461192648375
3 6 1 7 2 5 9 4 8 
9 8 7 4 1 3 2 5 6 
2 5 4 8 6 9 1 3 7 
8 7 6 9 3 4 5 1 2 
5 2 3 1 8 6 7 9 4 
4 1 9 2 5 7 6 8 3 
6 4 5 3 7 1 8 2 9 
7 3 8 5 9 2 4 6 1 
1 9 2 6 4 8 3 7 5 


El tiempo de nuestro algoritmo fue
Error en prop unitaria validaciones
20.31076407432556
Es insatisfacible

instanciasSudoku 16
El tiempo de zChaff fue de: 0.000393

9 238467915415293678796851234973548162624139857851726493587912346162374589349685721
2 3 8 4 6 7 9 1 5 
4 1 5 2 9 3 6 7 8 
7 9 6 8 5 1 2 3 4 
9 7 3 5 4 8 1 6 2 
6 2 4 1 3 9 8 5 7 
8 5 1 7 2 6 4 9 3 
5 8 7 9 1 2 3 4 6 
1 6 2 3 7 4 5 8 9 
3 4 9 6 8 5 7 2 1 


El tiempo de nuestro algoritmo fue
34.68215274810791

9 238467915415293678796851234973548162624139857851726493587912346162374589349685721
2 3 8 4 6 7 9 1 5 
4 1 5 2 9 3 6 7 8 
7 9 6 8 5 1 2 3 4 
9 7 3 5 4 8 1 6 2 
6 2 4 1 3 9 8 5 7 
8 5 1 7 2 6 4 9 3 
5 8 7 9 1 2 3 4 6 
1 6 2 3 7 4 5 8 9 
3 4 9 6 8 5 7 2 1 


instanciasSudoku 17
El tiempo de zChaff fue de: 0.000518

9 312865947657934182894172563246791358135486279789523416478319625523648791961257834
3 1 2 8 6 5 9 4 7 
6 5 7 9 3 4 1 8 2 
8 9 4 1 7 2 5 6 3 
2 4 6 7 9 1 3 5 8 
1 3 5 4 8 6 2 7 9 
7 8 9 5 2 3 4 1 6 
4 7 8 3 1 9 6 2 5 
5 2 3 6 4 8 7 9 1 
9 6 1 2 5 7 8 3 4 


El tiempo de nuestro algoritmo fue
32.668806076049805

9 312865947657934182894172563246791358135486279789523416478319625523648791961257834
3 1 2 8 6 5 9 4 7 
6 5 7 9 3 4 1 8 2 
8 9 4 1 7 2 5 6 3 
2 4 6 7 9 1 3 5 8 
1 3 5 4 8 6 2 7 9 
7 8 9 5 2 3 4 1 6 
4 7 8 3 1 9 6 2 5 
5 2 3 6 4 8 7 9 1 
9 6 1 2 5 7 8 3 4 


instanciasSudoku 18
El tiempo de zChaff fue de: 0.000424

9 271839546469275813835164792342917658658423971917586234123758469796342185584691327
2 7 1 8 3 9 5 4 6 
4 6 9 2 7 5 8 1 3 
8 3 5 1 6 4 7 9 2 
3 4 2 9 1 7 6 5 8 
6 5 8 4 2 3 9 7 1 
9 1 7 5 8 6 2 3 4 
1 2 3 7 5 8 4 6 9 
7 9 6 3 4 2 1 8 5 
5 8 4 6 9 1 3 2 7 


El tiempo de nuestro algoritmo fue
32.88214945793152

9 271839546469275813835164792342917658658423971917586234123758469796342185584691327
2 7 1 8 3 9 5 4 6 
4 6 9 2 7 5 8 1 3 
8 3 5 1 6 4 7 9 2 
3 4 2 9 1 7 6 5 8 
6 5 8 4 2 3 9 7 1 
9 1 7 5 8 6 2 3 4 
1 2 3 7 5 8 4 6 9 
7 9 6 3 4 2 1 8 5 
5 8 4 6 9 1 3 2 7 


instanciasSudoku 19
El tiempo de zChaff fue de: 0.000412

9 672841359495763281381952674813697425526314798749528136267189543138475962954236817
6 7 2 8 4 1 3 5 9 
4 9 5 7 6 3 2 8 1 
3 8 1 9 5 2 6 7 4 
8 1 3 6 9 7 4 2 5 
5 2 6 3 1 4 7 9 8 
7 4 9 5 2 8 1 3 6 
2 6 7 1 8 9 5 4 3 
1 3 8 4 7 5 9 6 2 
9 5 4 2 3 6 8 1 7 


El tiempo de nuestro algoritmo fue
32.99265480041504

9 672841359495763281381952674813697425526314798749528136267189543138475962954236817
6 7 2 8 4 1 3 5 9 
4 9 5 7 6 3 2 8 1 
3 8 1 9 5 2 6 7 4 
8 1 3 6 9 7 4 2 5 
5 2 6 3 1 4 7 9 8 
7 4 9 5 2 8 1 3 6 
2 6 7 1 8 9 5 4 3 
1 3 8 4 7 5 9 6 2 
9 5 4 2 3 6 8 1 7 


instanciasSudoku 20
El tiempo de zChaff fue de: 0.000377

9 362794185518623794497185236859462371146837529273519468935248617781356942624971853
3 6 2 7 9 4 1 8 5 
5 1 8 6 2 3 7 9 4 
4 9 7 1 8 5 2 3 6 
8 5 9 4 6 2 3 7 1 
1 4 6 8 3 7 5 2 9 
2 7 3 5 1 9 4 6 8 
9 3 5 2 4 8 6 1 7 
7 8 1 3 5 6 9 4 2 
6 2 4 9 7 1 8 5 3 


El tiempo de nuestro algoritmo fue
Error en prop unitaria validaciones
18.457143545150757
Es insatisfacible

instanciasSudoku 21
El tiempo de zChaff fue de: 0.003912

9 675948213328165974149732568291357486486291735537684129814523697952876341763419852
6 7 5 9 4 8 2 1 3 
3 2 8 1 6 5 9 7 4 
1 4 9 7 3 2 5 6 8 
2 9 1 3 5 7 4 8 6 
4 8 6 2 9 1 7 3 5 
5 3 7 6 8 4 1 2 9 
8 1 4 5 2 3 6 9 7 
9 5 2 8 7 6 3 4 1 
7 6 3 4 1 9 8 5 2 


El tiempo de nuestro algoritmo fue
Error en prop unitaria validaciones
11.215927600860596
Es insatisfacible

instanciasSudoku 22
El tiempo de zChaff fue de: 0.000625

9 384729156125346978796581423417693582862415397953872614231967845649258731578134269
3 8 4 7 2 9 1 5 6 
1 2 5 3 4 6 9 7 8 
7 9 6 5 8 1 4 2 3 
4 1 7 6 9 3 5 8 2 
8 6 2 4 1 5 3 9 7 
9 5 3 8 7 2 6 1 4 
2 3 1 9 6 7 8 4 5 
6 4 9 2 5 8 7 3 1 
5 7 8 1 3 4 2 6 9 


El tiempo de nuestro algoritmo fue
Error en prop unitaria validaciones
17.70319676399231
Es insatisfacible

instanciasSudoku 23
El tiempo de zChaff fue de: 0.00039

9 987521463463978512215346987341769258726835194598214376132657849874192635659483721
9 8 7 5 2 1 4 6 3 
4 6 3 9 7 8 5 1 2 
2 1 5 3 4 6 9 8 7 
3 4 1 7 6 9 2 5 8 
7 2 6 8 3 5 1 9 4 
5 9 8 2 1 4 3 7 6 
1 3 2 6 5 7 8 4 9 
8 7 4 1 9 2 6 3 5 
6 5 9 4 8 3 7 2 1 


El tiempo de nuestro algoritmo fue
35.04806566238403

9 987521463463978512215346987341769258726835194598214376132657849874192635659483721
9 8 7 5 2 1 4 6 3 
4 6 3 9 7 8 5 1 2 
2 1 5 3 4 6 9 8 7 
3 4 1 7 6 9 2 5 8 
7 2 6 8 3 5 1 9 4 
5 9 8 2 1 4 3 7 6 
1 3 2 6 5 7 8 4 9 
8 7 4 1 9 2 6 3 5 
6 5 9 4 8 3 7 2 1 


instanciasSudoku 24
El tiempo de zChaff fue de: 0.000896

9 953781624627394518841256937364518279295637841178942356419823765536479182782165493
9 5 3 7 8 1 6 2 4 
6 2 7 3 9 4 5 1 8 
8 4 1 2 5 6 9 3 7 
3 6 4 5 1 8 2 7 9 
2 9 5 6 3 7 8 4 1 
1 7 8 9 4 2 3 5 6 
4 1 9 8 2 3 7 6 5 
5 3 6 4 7 9 1 8 2 
7 8 2 1 6 5 4 9 3 


El tiempo de nuestro algoritmo fue
Error en prop unitaria validaciones
14.936777830123901
Es insatisfacible

instanciasSudoku 25
El tiempo de zChaff fue de: 0.003171

9 149725683826431957573869142385197264914256378267384591758912436492673815631548729
1 4 9 7 2 5 6 8 3 
8 2 6 4 3 1 9 5 7 
5 7 3 8 6 9 1 4 2 
3 8 5 1 9 7 2 6 4 
9 1 4 2 5 6 3 7 8 
2 6 7 3 8 4 5 9 1 
7 5 8 9 1 2 4 3 6 
4 9 2 6 7 3 8 1 5 
6 3 1 5 4 8 7 2 9 


El tiempo de nuestro algoritmo fue
Error en prop unitaria validaciones
14.783753395080566
Es insatisfacible

instanciasSudoku 26
El tiempo de zChaff fue de: 0.000895

9 197384562852671934463952871589713246634298715271465398315847629746529183928136457
1 9 7 3 8 4 5 6 2 
8 5 2 6 7 1 9 3 4 
4 6 3 9 5 2 8 7 1 
5 8 9 7 1 3 2 4 6 
6 3 4 2 9 8 7 1 5 
2 7 1 4 6 5 3 9 8 
3 1 5 8 4 7 6 2 9 
7 4 6 5 2 9 1 8 3 
9 2 8 1 3 6 4 5 7 


El tiempo de nuestro algoritmo fue
Error en prop unitaria validaciones
12.222984552383423
Es insatisfacible

instanciasSudoku 27
El tiempo de zChaff fue de: 0.000568

9 927136845641985723835472691364759182258614379179328564493567218586291437712843956
9 2 7 1 3 6 8 4 5 
6 4 1 9 8 5 7 2 3 
8 3 5 4 7 2 6 9 1 
3 6 4 7 5 9 1 8 2 
2 5 8 6 1 4 3 7 9 
1 7 9 3 2 8 5 6 4 
4 9 3 5 6 7 2 1 8 
5 8 6 2 9 1 4 3 7 
7 1 2 8 4 3 9 5 6 


El tiempo de nuestro algoritmo fue
Error en prop unitaria validaciones
13.90963077545166
Es insatisfacible

instanciasSudoku 28
El tiempo de zChaff fue de: 0.000388

9 972863541618745923453291687549128736821637459736459218295386174184972365367514892
9 7 2 8 6 3 5 4 1 
6 1 8 7 4 5 9 2 3 
4 5 3 2 9 1 6 8 7 
5 4 9 1 2 8 7 3 6 
8 2 1 6 3 7 4 5 9 
7 3 6 4 5 9 2 1 8 
2 9 5 3 8 6 1 7 4 
1 8 4 9 7 2 3 6 5 
3 6 7 5 1 4 8 9 2 


El tiempo de nuestro algoritmo fue
35.1584575176239

9 972863541618745923453291687549128736821637459736459218295386174184972365367514892
9 7 2 8 6 3 5 4 1 
6 1 8 7 4 5 9 2 3 
4 5 3 2 9 1 6 8 7 
5 4 9 1 2 8 7 3 6 
8 2 1 6 3 7 4 5 9 
7 3 6 4 5 9 2 1 8 
2 9 5 3 8 6 1 7 4 
1 8 4 9 7 2 3 6 5 
3 6 7 5 1 4 8 9 2 


instanciasSudoku 29
El tiempo de zChaff fue de: 0.000445

9 852716943197843652463925187278634591645179328931582476786491235314258769529367814
8 5 2 7 1 6 9 4 3 
1 9 7 8 4 3 6 5 2 
4 6 3 9 2 5 1 8 7 
2 7 8 6 3 4 5 9 1 
6 4 5 1 7 9 3 2 8 
9 3 1 5 8 2 4 7 6 
7 8 6 4 9 1 2 3 5 
3 1 4 2 5 8 7 6 9 
5 2 9 3 6 7 8 1 4 


El tiempo de nuestro algoritmo fue
34.59957981109619

9 852716943197843652463925187278634591645179328931582476786491235314258769529367814
8 5 2 7 1 6 9 4 3 
1 9 7 8 4 3 6 5 2 
4 6 3 9 2 5 1 8 7 
2 7 8 6 3 4 5 9 1 
6 4 5 1 7 9 3 2 8 
9 3 1 5 8 2 4 7 6 
7 8 6 4 9 1 2 3 5 
3 1 4 2 5 8 7 6 9 
5 2 9 3 6 7 8 1 4 


instanciasSudoku 30
El tiempo de zChaff fue de: 0.000362

9 193672485462358971785914623538296714674135298219487356826741539941523867357869142
1 9 3 6 7 2 4 8 5 
4 6 2 3 5 8 9 7 1 
7 8 5 9 1 4 6 2 3 
5 3 8 2 9 6 7 1 4 
6 7 4 1 3 5 2 9 8 
2 1 9 4 8 7 3 5 6 
8 2 6 7 4 1 5 3 9 
9 4 1 5 2 3 8 6 7 
3 5 7 8 6 9 1 4 2 


El tiempo de nuestro algoritmo fue
35.038251638412476

9 193672485462358971785914623538296714674135298219487356826741539941523867357869142
1 9 3 6 7 2 4 8 5 
4 6 2 3 5 8 9 7 1 
7 8 5 9 1 4 6 2 3 
5 3 8 2 9 6 7 1 4 
6 7 4 1 3 5 2 9 8 
2 1 9 4 8 7 3 5 6 
8 2 6 7 4 1 5 3 9 
9 4 1 5 2 3 8 6 7 
3 5 7 8 6 9 1 4 2 


instanciasSudoku 31
El tiempo de zChaff fue de: 0.000744

9 345871269279653184861429537197346852452718396683592741738264915516937428924185673
3 4 5 8 7 1 2 6 9 
2 7 9 6 5 3 1 8 4 
8 6 1 4 2 9 5 3 7 
1 9 7 3 4 6 8 5 2 
4 5 2 7 1 8 3 9 6 
6 8 3 5 9 2 7 4 1 
7 3 8 2 6 4 9 1 5 
5 1 6 9 3 7 4 2 8 
9 2 4 1 8 5 6 7 3 


El tiempo de nuestro algoritmo fue
Error en prop unitaria validaciones
18.86224913597107
Es insatisfacible

instanciasSudoku 32
El tiempo de zChaff fue de: 0.000748

9 785924631924163587631578249843692715159387426276451398468739152397215864512846973
7 8 5 9 2 4 6 3 1 
9 2 4 1 6 3 5 8 7 
6 3 1 5 7 8 2 4 9 
8 4 3 6 9 2 7 1 5 
1 5 9 3 8 7 4 2 6 
2 7 6 4 5 1 3 9 8 
4 6 8 7 3 9 1 5 2 
3 9 7 2 1 5 8 6 4 
5 1 2 8 4 6 9 7 3 


El tiempo de nuestro algoritmo fue
Error en prop unitaria validaciones
16.028042793273926
Es insatisfacible

instanciasSudoku 33
El tiempo de zChaff fue de: 0.000956

9 132649785758213649964785123543897216276531894891426537619378452327154968485962371
1 3 2 6 4 9 7 8 5 
7 5 8 2 1 3 6 4 9 
9 6 4 7 8 5 1 2 3 
5 4 3 8 9 7 2 1 6 
2 7 6 5 3 1 8 9 4 
8 9 1 4 2 6 5 3 7 
6 1 9 3 7 8 4 5 2 
3 2 7 1 5 4 9 6 8 
4 8 5 9 6 2 3 7 1 


El tiempo de nuestro algoritmo fue
Error en prop unitaria validaciones
16.64916753768921
Es insatisfacible

instanciasSudoku 34
El tiempo de zChaff fue de: 0.004356

9 294863517715429638863751492152947863479386251638512974986134725521678349347295186
2 9 4 8 6 3 5 1 7 
7 1 5 4 2 9 6 3 8 
8 6 3 7 5 1 4 9 2 
1 5 2 9 4 7 8 6 3 
4 7 9 3 8 6 2 5 1 
6 3 8 5 1 2 9 7 4 
9 8 6 1 3 4 7 2 5 
5 2 1 6 7 8 3 4 9 
3 4 7 2 9 5 1 8 6 


El tiempo de nuestro algoritmo fue
Error en prop unitaria validaciones
16.244467735290527
Es insatisfacible

instanciasSudoku 35
El tiempo de zChaff fue de: 0.000809

9 384567921126439785759821346563798214847312659912645873231974568495286137678153492
3 8 4 5 6 7 9 2 1 
1 2 6 4 3 9 7 8 5 
7 5 9 8 2 1 3 4 6 
5 6 3 7 9 8 2 1 4 
8 4 7 3 1 2 6 5 9 
9 1 2 6 4 5 8 7 3 
2 3 1 9 7 4 5 6 8 
4 9 5 2 8 6 1 3 7 
6 7 8 1 5 3 4 9 2 


El tiempo de nuestro algoritmo fue
Error en prop unitaria validaciones
14.76868748664856
Es insatisfacible

instanciasSudoku 36
El tiempo de zChaff fue de: 0.007782

9 159743862276589431348612759624978315917235684583164297435821976861497523792356148
1 5 9 7 4 3 8 6 2 
2 7 6 5 8 9 4 3 1 
3 4 8 6 1 2 7 5 9 
6 2 4 9 7 8 3 1 5 
9 1 7 2 3 5 6 8 4 
5 8 3 1 6 4 2 9 7 
4 3 5 8 2 1 9 7 6 
8 6 1 4 9 7 5 2 3 
7 9 2 3 5 6 1 4 8 


El tiempo de nuestro algoritmo fue
Error en prop unitaria validaciones
15.139014959335327
Es insatisfacible

instanciasSudoku 37
El tiempo de zChaff fue de: 0.000648

9 173859624298746153456231978317428569849165732625973841582694317934517286761382495
1 7 3 8 5 9 6 2 4 
2 9 8 7 4 6 1 5 3 
4 5 6 2 3 1 9 7 8 
3 1 7 4 2 8 5 6 9 
8 4 9 1 6 5 7 3 2 
6 2 5 9 7 3 8 4 1 
5 8 2 6 9 4 3 1 7 
9 3 4 5 1 7 2 8 6 
7 6 1 3 8 2 4 9 5 


El tiempo de nuestro algoritmo fue
35.45366430282593

9 173859624298746153456231978317428569849165732625973841582694317934517286761382495
1 7 3 8 5 9 6 2 4 
2 9 8 7 4 6 1 5 3 
4 5 6 2 3 1 9 7 8 
3 1 7 4 2 8 5 6 9 
8 4 9 1 6 5 7 3 2 
6 2 5 9 7 3 8 4 1 
5 8 2 6 9 4 3 1 7 
9 3 4 5 1 7 2 8 6 
7 6 1 3 8 2 4 9 5 


instanciasSudoku 38
El tiempo de zChaff fue de: 0.000409

9 947531826635824917218796453563187249894652371172349568386475192759218634421963785
9 4 7 5 3 1 8 2 6 
6 3 5 8 2 4 9 1 7 
2 1 8 7 9 6 4 5 3 
5 6 3 1 8 7 2 4 9 
8 9 4 6 5 2 3 7 1 
1 7 2 3 4 9 5 6 8 
3 8 6 4 7 5 1 9 2 
7 5 9 2 1 8 6 3 4 
4 2 1 9 6 3 7 8 5 


El tiempo de nuestro algoritmo fue
36.594515562057495

9 947531826635824917218796453563187249894652371172349568386475192759218634421963785
9 4 7 5 3 1 8 2 6 
6 3 5 8 2 4 9 1 7 
2 1 8 7 9 6 4 5 3 
5 6 3 1 8 7 2 4 9 
8 9 4 6 5 2 3 7 1 
1 7 2 3 4 9 5 6 8 
3 8 6 4 7 5 1 9 2 
7 5 9 2 1 8 6 3 4 
4 2 1 9 6 3 7 8 5 


instanciasSudoku 39
El tiempo de zChaff fue de: 0.000395

9 763128459924567831851934276418295367275643198639781542342876915186359724597412683
7 6 3 1 2 8 4 5 9 
9 2 4 5 6 7 8 3 1 
8 5 1 9 3 4 2 7 6 
4 1 8 2 9 5 3 6 7 
2 7 5 6 4 3 1 9 8 
6 3 9 7 8 1 5 4 2 
3 4 2 8 7 6 9 1 5 
1 8 6 3 5 9 7 2 4 
5 9 7 4 1 2 6 8 3 


El tiempo de nuestro algoritmo fue
34.40948748588562

9 763128459924567831851934276418295367275643198639781542342876915186359724597412683
7 6 3 1 2 8 4 5 9 
9 2 4 5 6 7 8 3 1 
8 5 1 9 3 4 2 7 6 
4 1 8 2 9 5 3 6 7 
2 7 5 6 4 3 1 9 8 
6 3 9 7 8 1 5 4 2 
3 4 2 8 7 6 9 1 5 
1 8 6 3 5 9 7 2 4 
5 9 7 4 1 2 6 8 3 


instanciasSudoku 40
El tiempo de zChaff fue de: 0.000524

9 873961425624753918951248376518694237269137584437582691382475169795316842146829753
8 7 3 9 6 1 4 2 5 
6 2 4 7 5 3 9 1 8 
9 5 1 2 4 8 3 7 6 
5 1 8 6 9 4 2 3 7 
2 6 9 1 3 7 5 8 4 
4 3 7 5 8 2 6 9 1 
3 8 2 4 7 5 1 6 9 
7 9 5 3 1 6 8 4 2 
1 4 6 8 2 9 7 5 3 


El tiempo de nuestro algoritmo fue
Error en prop unitaria validaciones
19.477691650390625
Es insatisfacible

instanciasSudoku 41
El tiempo de zChaff fue de: 0.000537

9 172843659958627431643519728864352197537961284219784365491238576385176942726495813
1 7 2 8 4 3 6 5 9 
9 5 8 6 2 7 4 3 1 
6 4 3 5 1 9 7 2 8 
8 6 4 3 5 2 1 9 7 
5 3 7 9 6 1 2 8 4 
2 1 9 7 8 4 3 6 5 
4 9 1 2 3 8 5 7 6 
3 8 5 1 7 6 9 4 2 
7 2 6 4 9 5 8 1 3 


El tiempo de nuestro algoritmo fue
Error en prop unitaria validaciones
20.669785499572754
Es insatisfacible

instanciasSudoku 42
El tiempo de zChaff fue de: 0.000566

9 846913752395742816172658934754289163983165247621437589238594671419876325567321498
8 4 6 9 1 3 7 5 2 
3 9 5 7 4 2 8 1 6 
1 7 2 6 5 8 9 3 4 
7 5 4 2 8 9 1 6 3 
9 8 3 1 6 5 2 4 7 
6 2 1 4 3 7 5 8 9 
2 3 8 5 9 4 6 7 1 
4 1 9 8 7 6 3 2 5 
5 6 7 3 2 1 4 9 8 


El tiempo de nuestro algoritmo fue
Error en prop unitaria validaciones
21.697392463684082
Es insatisfacible

instanciasSudoku 43
El tiempo de zChaff fue de: 0.001966

9 673815429145279836982634571419563782367428915258791364521987643834156297796342158
6 7 3 8 1 5 4 2 9 
1 4 5 2 7 9 8 3 6 
9 8 2 6 3 4 5 7 1 
4 1 9 5 6 3 7 8 2 
3 6 7 4 2 8 9 1 5 
2 5 8 7 9 1 3 6 4 
5 2 1 9 8 7 6 4 3 
8 3 4 1 5 6 2 9 7 
7 9 6 3 4 2 1 5 8 


El tiempo de nuestro algoritmo fue
Error en prop unitaria validaciones
18.613173484802246
Es insatisfacible

instanciasSudoku 44
El tiempo de zChaff fue de: 0.002492

9 792568143453219867861374952625893714379142685148756239284931576937685421516427398
7 9 2 5 6 8 1 4 3 
4 5 3 2 1 9 8 6 7 
8 6 1 3 7 4 9 5 2 
6 2 5 8 9 3 7 1 4 
3 7 9 1 4 2 6 8 5 
1 4 8 7 5 6 2 3 9 
2 8 4 9 3 1 5 7 6 
9 3 7 6 8 5 4 2 1 
5 1 6 4 2 7 3 9 8 


El tiempo de nuestro algoritmo fue
Error en prop unitaria validaciones
16.329614639282227
Es insatisfacible

instanciasSudoku 45
El tiempo de zChaff fue de: 0.023882

9 162857493534129678789643521475312986913586742628794135356478219241935867897261354
1 6 2 8 5 7 4 9 3 
5 3 4 1 2 9 6 7 8 
7 8 9 6 4 3 5 2 1 
4 7 5 3 1 2 9 8 6 
9 1 3 5 8 6 7 4 2 
6 2 8 7 9 4 1 3 5 
3 5 6 4 7 8 2 1 9 
2 4 1 9 3 5 8 6 7 
8 9 7 2 6 1 3 5 4 


El tiempo de nuestro algoritmo fue
Error en prop unitaria validaciones
14.203549146652222
Es insatisfacible

instanciasSudoku 46
El tiempo de zChaff fue de: 0.000685

9 792568143453219867861374952625893714379142685148756239284931576937685421516427398
7 9 2 5 6 8 1 4 3 
4 5 3 2 1 9 8 6 7 
8 6 1 3 7 4 9 5 2 
6 2 5 8 9 3 7 1 4 
3 7 9 1 4 2 6 8 5 
1 4 8 7 5 6 2 3 9 
2 8 4 9 3 1 5 7 6 
9 3 7 6 8 5 4 2 1 
5 1 6 4 2 7 3 9 8 


El tiempo de nuestro algoritmo fue
Error en prop unitaria validaciones
18.37894868850708
Es insatisfacible

